Original
[1, 2, 3]
[4, 5, 6]
[7, 8, 9]

Transposed
[1, 4, 7]
[2, 5, 8]
[3, 6, 9]

Rotated Clockwise
[7, 4, 1]
[8, 5, 2]
[9, 6, 3]

Original
[1, 2, 3]
[4, 5, 6]
[7, 8, 9]

Transposed
[1, 4, 7]
[2, 5, 8]
[3, 6, 9]

Rotated AntiClockwise
[3, 6, 9]
[2, 5, 8]
[1, 4, 7]

Original
[1, 2, 3]
[4, 5, 6]
[7, 8, 9]
[10, 11, 12]

Rows and Columns aren't same 
Transposed
[1, 4, 7, 10]
[2, 5, 8, 11]
[3, 6, 9, 12]

Rotated Clockwise
[10, 7, 4, 1]
[11, 8, 5, 2]
[12, 9, 6, 3]

Original
[1, 2, 3]
[4, 5, 6]
[7, 8, 9]
[10, 11, 12]

Rows and Columns aren't same 
Transposed
[1, 4, 7, 10]
[2, 5, 8, 11]
[3, 6, 9, 12]

Rotated AntiClockwise
[3, 6, 9, 12]
[2, 5, 8, 11]
[1, 4, 7, 10]

